0x00000000 48 00 00 02 00 00 00 00 00 00 00 00 00 00 00 00
0x00000010 00 00 00 00 00 00 00 00 00 00 00 00 00 00 00 00
0x00000020 00 00 00 00 00 00 00 00 00 00 00 00 00 00 00 00
0x00000030 00 00 00 00 00 00 00 00 00 00 00 00 00 00 00 00
0x00000040 00 00 00 00 00 00 00 00 00 00 00 00 00 00 00 00
0x00000050 00 00 00 00 00 00 00 00 00 00 00 00 00 00 00 00
0x00000060 00 00 00 00 00 00 00 00 00 00 00 00 00 00 00 00
0x00000070 00 00 00 00 00 00 00 00 00 00 00 00 00 00 00 00
0x00000080 00 00 00 00 00 00 00 00 00 00 00 00 00 00 00 00
0x00000090 00 00 00 00 00 00 00 00 00 00 00 00 00 00 00 00
0x000000A0 00 00 00 00 00 00 00 00 00 00 00 00 00 00 00 00
0x000000B0 00 00 00 00 00 00 00 00 00 00 00 00 00 00 00 00
0x000000C0 00 00 00 00 00 00 00 00 00 00 00 00 00 00 00 00
0x000000D0 00 00 00 00 00 00 00 00 00 00 00 00 00 00 00 00
0x000000E0 00 00 00 00 00 00 00 00 00 00 00 00 00 00 00 00
0x000000F0 00 00 00 00 00 00 00 00 00 00 00 00 00 00
